1756911768757 13735.235500613191 0
1756911768825 4982.55120876049 1
1756911768892 3852.0778057139296 2
1756911768995 4225.64460336978 3
1756911769073 2965.0539591772026 4
1756911769233 3479.119875980842 5
1756911769438 2303.697995530342 6
1756911769521 2809.4648952714133 7
1756911769605 2864.161124949113 8
1756911769675 2501.1850318543443 9
1756911769746 2311.0008389300506 10
1756911769888 3555.939798963123 11
1756911769975 2237.8402736745543 12
1756911770049 2433.1382003440253 13
1756911770114 3154.144070607828 14
1756911770173 1952.2499276092396 15
1756911770238 3293.864726602365 16
1756911770303 2834.6615943817733 17
1756911770361 3027.186203634985 18
1756911770421 2603.729641661709 19
1756911770486 2272.460433934182 20
1756911770545 2956.3341327001604 21
1756911770609 3004.4860666215045 22
