1756911679449 14206.038271148394 0
1756911679502 7238.142676358844 1
1756911679548 5294.925103914866 2
1756911679597 3831.892895490185 3
1756911679643 2691.304608238031 4
1756911679694 2592.6622938071905 5
1756911679775 2932.7045582825167 6
1756911679821 3251.8078481501143 7
1756911679868 3966.2595168381304 8
1756911679915 3089.340634013884 9
1756911679963 3464.5105594162083 10
1756911680007 2717.89556549857 11
1756911680051 2751.1308826708446 12
1756911680096 2832.6479182777884 13
1756911680140 2873.8011861478208 14
1756911680189 2415.393077857367 15
1756911680235 3188.034383502181 16
1756911680279 2846.9241537607018 17
1756911680323 3282.4189987562663 18
1756911680371 4254.580131012934 19
1756911680415 2607.342486710288 20
1756911680463 3123.3457083804274 21
1756911680514 2643.6067375540892 22
1756911680571 3444.873445360483 23
1756911680622 2921.212033228851 24
1756911680668 2930.086795235478 25
1756911680719 3163.443584757714 26
1756911680764 3229.9318940564094 27
1756911680810 3310.5567454406037 28
1756911680854 3297.6603876445783 29
1756911680900 3084.8523263237066 30
1756911680948 3660.0876248869636 31
1756911681002 3316.382288385465 32
1756911681052 3094.3374598590426 33
1756911681104 2954.0163451796466 34
1756911681159 4009.62965945446 35
1756911681219 3621.9699620938286 36
1756911681272 3339.7731672525565 37
1756911681328 2885.125693384967 38
1756911681386 2355.019369104707 39
1756911681449 3851.3612456859387 40
1756911681502 2621.360277633225 41
1756911681556 3110.629705998299 42
1756911681615 3683.121013921911 43
1756911681669 3378.6817228780124 44
1756911681724 3533.5432780223787 45
1756911681773 2527.855460020689 46
1756911681823 4511.060808555664 47
1756911681873 3148.8862931574336 48
1756911681945 3291.4386118609796 49
1756911682024 2490.0101445472546 50
1756911682069 3139.061875102528 51
1756911682114 2658.0376085474927 52
1756911682159 3111.3765025102957 53
1756911682205 3954.867425280806 54
1756911682251 3458.2988445512356 55
1756911682295 2848.6933531236446 56
1756911682342 2493.93549760318 57
1756911682389 2313.8967642256175 58
1756911682442 3007.994372495757 59
1756911682488 2499.41424018522 60
1756911682534 3152.2453155842554 61
1756911682579 2563.6197554209402 62
1756911682621 3513.398820357608 63
1756911682667 3059.903928891277 64
1756911682715 3402.3763117665267 65
1756911682767 3527.6244004454848 66
1756911682855 3177.7586678896987 67
1756911682908 4179.3660363971185 68
1756911682966 3711.9929896077215 69
1756911683048 2910.895547700896 70
1756911683121 3334.640912871655 71
1756911683181 2648.912416351881 72
1756911683242 2740.57911725701 73
1756911683306 3269.111930563627 74
1756911683364 3854.68053574465 75
1756911683415 2614.531485588787 76
1756911683472 2460.2449233745474 77
1756911683690 3868.1679431848283 78
1756911683745 2975.4162574950283 79
1756911683792 2807.291248698219 80
1756911683838 2393.8143960309876 81
1756911683888 2148.119734685933 82
1756911683945 2999.875778759582 83
1756911684007 2592.9521407426605 84
1756911684063 4042.4157943704613 85
1756911684122 3369.9334392259434 86
1756911684178 3971.484374840679 87
1756911684238 2806.1400919028883 88
1756911684296 2648.2798837114933 89
1756911684352 2466.072997169492 90
1756911684401 3186.170282831753 91
1756911684452 3630.533103492662 92
1756911684498 4331.065781858287 93
1756911684549 2613.821893377742 94
1756911684602 3434.7042201994955 95
1756911684674 4036.100638912035 96
1756911684762 2695.1677821575154 97
1756911684839 2929.6554106821886 98
1756911684907 2657.2190002934963 99
1756911684987 3280.4466713919774 100
1756911685045 3106.4827212398163 101
1756911685110 2519.85959625348 102
1756911685211 2677.578056089791 103
1756911685297 3652.8824877613533 104
1756911685373 1701.458715673056 105
1756911685440 2791.9185523504752 106
1756911685516 2504.7735887461135 107
1756911685590 3121.3509582117435 108
1756911685658 2431.3247210855943 109
1756911685743 4131.430855633542 110
1756911685814 3537.6049064842523 111
1756911685862 2836.566950712426 112
1756911685907 2450.2783615189483 113
1756911685952 2980.4924501470264 114
1756911686000 3173.309091159774 115
1756911686055 2953.7313247130387 116
1756911686135 4036.359117055866 117
1756911686186 3526.8391943240667 118
1756911686234 4061.008156119077 119
1756911686288 2564.065126949925 120
1756911686348 2822.056197138388 121
1756911686445 2512.7625738356855 122
1756911686521 1932.554403291566 123
1756911686570 4625.516560695919 124
1756911686622 3644.255695113616 125
1756911686673 2789.9027049148267 126
1756911686724 3560.124248413319 127
1756911686781 2757.5148867703924 128
1756911686845 3001.430826687241 129
1756911686914 2998.680612848197 130
1756911686986 3512.142676565002 131
1756911687041 3238.865944565305 132
1756911687103 3041.539568144167 133
1756911687203 3453.382490918723 134
1756911687285 3094.9716442195763 135
1756911687374 2379.1637763849135 136
1756911687833 2629.0862047387795 137
1756911687884 2939.667735868168 138
1756911688218 2771.490785874569 139
1756911688269 2430.2758536162514 140
1756911688319 2842.7960309335394 141
1756911688457 3410.989574323595 142
1756911688610 3071.0229634648126 143
1756911688660 2722.9886344011325 144
1756911688711 3443.452461047937 145
1756911688758 2721.58111767208 146
1756911688816 2518.445364163124 147
1756911688874 3339.3842377307164 148
1756911688937 2461.8435826993714 149
1756911688993 2905.032282932529 150
1756911689036 3252.8980079791395 151
1756911689078 3305.8386130209115 152
1756911689119 2616.4356208977565 153
1756911689160 2930.425058324669 154
1756911689202 2578.993803610158 155
1756911689243 2950.39343798112 156
1756911689285 3455.5250042216057 157
1756911689328 3081.0837480556334 158
1756911689371 3001.5761148215797 159
1756911689412 2573.2003703123846 160
1756911689453 2625.7649973455123 161
1756911689508 2749.364019348932 162
1756911689571 3251.0533696357593 163
1756911689625 2623.4941782179035 164
1756911689713 2443.0662552660638 165
1756911689791 3594.383219454491 166
1756911689845 3827.967131478765 167
1756911689894 3683.175076604989 168
1756911689942 2855.574005327448 169
1756911689992 4037.5296168182545 170
1756911690041 3062.074386828149 171
1756911690092 3954.533318762665 172
1756911690148 3205.0993038926285 173
1756911690202 3028.046494458956 174
1756911690251 3174.9501102048434 175
1756911690303 2390.7811189099257 176
1756911690349 2578.667090489029 177
1756911690396 3314.163486055828 178
1756911690444 2347.191665987541 179
1756911690499 2958.5683588029506 180
1756911690548 3728.201139171272 181
1756911690599 3127.7551495787975 182
1756911690655 3489.525527880948 183
1756911690707 2827.159793512458 184
1756911690756 3357.0804784787915 185
1756911690808 3404.452504115975 186
1756911690857 2710.122045562279 187
1756911690908 2648.856523342056 188
1756911690958 3755.6627896494138 189
1756911691009 3621.1729664950385 190
1756911691060 2991.1914608189927 191
1756911691109 4034.7826161205576 192
1756911691159 3387.1071730858375 193
1756911691207 3304.442222820384 194
1756911691254 2846.178428843792 195
1756911691301 3365.3892350076453 196
1756911691352 2292.090393201609 197
1756911691405 2578.8563815438706 198
1756911691461 3418.829007910674 199
1756911691514 3111.7122508303432 200
1756911691561 3991.1591572185284 201
1756911691610 3016.219773920295 202
1756911691660 3554.093914007036 203
1756911691715 2864.805775383313 204
1756911691764 3897.882906598891 205
1756911692194 3391.015237292352 206
1756911692330 3234.4516118539977 207
1756911692420 3546.6937952179787 208
1756911692500 2747.504024550243 209
1756911692625 2177.795676996597 210
1756911692683 2750.1930652134 211
1756911692739 2798.545445839588 212
1756911692789 2200.0926910306794 213
1756911692839 3072.1689848421584 214
1756911692889 3160.8825567972717 215
1756911692938 2600.407951314578 216
1756911693032 2504.2820053482765 217
1756911693083 3561.9213214242395 218
1756911693132 3668.5067914154342 219
1756911693184 2048.8693034220296 220
1756911693237 2813.1462847463213 221
1756911693299 2664.0125205847608 222
1756911693381 2540.225994129051 223
1756911693459 3142.122984363222 224
1756911693528 2817.170820864985 225
1756911693585 2426.995296772944 226
1756911693637 3553.85887246676 227
1756911693688 3214.3664632810023 228
1756911693741 2559.122043837843 229
1756911693791 3007.2949050435627 230
1756911693854 3044.380883542079 231
1756911693908 3132.5669677983387 232
1756911693969 3242.356192703079 233
1756911694019 2309.9432412188717 234
1756911694069 2852.5730535770126 235
1756911694121 2616.5911311290884 236
1756911694171 3210.669302727926 237
1756911694224 2533.9865371527367 238
1756911694274 3092.9731095129173 239
1756911694331 3893.8263676841607 240
1756911694380 2934.972535252627 241
1756911694432 3560.5636133631133 242
1756911694485 3013.1500656415487 243
1756911694535 3598.9863659009043 244
1756911694584 2883.373138811008 245
1756911694636 4337.588755867718 246
1756911694685 3586.8375592361763 247
1756911694748 3785.8121537836605 248
1756911694802 3559.4189201797367 249
1756911694858 2976.775300522446 250
1756911694910 2954.276510270896 251
1756911694964 2182.696162512491 252
1756911695015 3015.401481544424 253
1756911695065 2260.718708460528 254
1756911695117 3458.9368887936516 255
1756911695168 3194.41610986732 256
1756911695223 2333.7094659705153 257
1756911695275 3323.979200764741 258
1756911695329 3946.418404988173 259
1756911695385 3175.6595562311395 260
1756911695440 2634.4965003145007 261
1756911695500 2735.4301957658877 262
1756911695554 4134.130110243911 263
1756911695611 2235.368138451055 264
1756911695669 2347.3647042690177 265
1756911695728 2100.913187044837 266
1756911695784 2746.831811136683 267
1756911695841 2951.0904290271887 268
1756911695890 3756.1439433691557 269
1756911695940 3370.312753731152 270
1756911695998 2950.2335065417415 271
1756911696055 4182.90768969335 272
1756911696111 3602.0889194733736 273
1756911696175 3205.050627090824 274
1756911696236 3557.780803247495 275
1756911696291 3115.823703514152 276
1756911696347 3327.259274766983 277
1756911696433 3425.39187726949 278
1756911696532 3137.1920939115403 279
1756911696600 1947.8587652036078 280
1756911696659 3376.839469163583 281
1756911696721 2970.2453765478426 282
1756911696786 3141.9335729205095 283
1756911696847 2561.2645839472443 284
1756911696904 2822.596062470809 285
1756911696970 2249.941496512781 286
1756911697035 2918.005346531672 287
1756911697097 2698.4369101377797 288
1756911697157 3340.8159519544797 289
1756911697217 2923.923254736492 290
1756911697277 2836.4632593937795 291
1756911697333 3311.954284771328 292
1756911697392 3368.457870672042 293
1756911697455 2502.170892428691 294
1756911697518 3811.8021122216155 295
1756911697632 2836.8800901091663 296
1756911697708 3803.115638402423 297
1756911697836 2765.3711855928727 298
1756911697967 2430.939950022429 299
1756911698079 3222.0457333653667 300
1756911698136 2872.202704316539 301
1756911698192 3471.8521955916162 302
1756911698335 2897.911757669064 303
1756911698408 2894.710651263925 304
1756911698472 2826.2292730712047 305
1756911698531 2068.2428466037113 306
1756911698588 2244.9003896292675 307
1756911698647 3344.430713698492 308
1756911698706 3557.665241475203 309
1756911698767 3368.5661027745873 310
1756911698831 3142.772281889388 311
1756911698894 3610.3426049186637 312
1756911698961 1973.929424120891 313
1756911699024 3172.068401131315 314
1756911699089 3960.091560538917 315
1756911699224 3760.5406060617197 316
1756911699341 3967.760165599955 317
1756911699525 2676.132414361638 318
1756911699667 2319.438255008928 319
1756911699771 3460.364143781889 320
1756911699909 3276.3634587899805 321
1756911700013 3902.6817004672275 322
1756911700090 3035.080651714047 323
1756911700207 3332.7977836224686 324
1756911700315 3820.5247254976425 325
1756911700387 3006.732188909505 326
1756911700456 2904.8570276945347 327
1756911700561 2797.7259698074454 328
1756911700658 1549.248129673489 329
1756911700733 2587.189002926322 330
1756911700797 3120.0045313950022 331
1756911700887 2946.9961326165526 332
1756911701107 3173.1997622897106 333
1756911701199 2983.8342372733955 334
1756911701292 2886.014010288766 335
1756911701386 3003.4798767657758 336
1756911701454 3366.713449352822 337
1756911701524 2533.479859319797 338
1756911701591 2826.4334429750593 339
1756911701682 2873.528546179766 340
1756911701770 3420.7943889708167 341
1756911701865 3108.895468958005 342
1756911701986 2627.9990637524525 343
1756911702143 3382.868928687341 344
1756911702325 3508.4408248093196 345
1756911702526 2960.2123084545515 346
1756911702653 3676.1559637398 347
1756911702751 4076.6703167914 348
1756911702830 2499.7954258512787 349
1756911702917 3328.30620888408 350
1756911703005 3227.049217857297 351
1756911703078 2930.005607543472 352
1756911703158 2901.443122901054 353
1756911703250 3149.256631282336 354
1756911703340 2654.3091514745524 355
1756911703421 2879.212811638334 356
1756911703508 3223.219804837207 357
1756911703592 2046.1727180445205 358
1756911703692 3301.6845987663173 359
1756911703823 3324.1912846720684 360
1756911703920 3957.467120357688 361
1756911703994 2357.382970538303 362
1756911704068 2538.6048946496076 363
1756911704154 3095.2626847709107 364
1756911704240 2820.184693506104 365
1756911704310 3063.6211588583487 366
1756911704383 3010.5240104032227 367
1756911704475 3450.329268745422 368
1756911704561 2171.0305743638864 369
1756911704662 3554.38678212071 370
1756911704769 2961.169787099165 371
1756911704876 2811.754668239925 372
1756911704986 2622.9545257790296 373
1756911705095 2583.832315477222 374
1756911705186 3047.619683691614 375
1756911705269 2731.0282823621865 376
1756911705355 4168.972208672246 377
1756911705456 3658.6965470360083 378
1756911705555 3038.4472524676153 379
1756911705637 3567.5379571729177 380
1756911705719 2231.1386352185978 381
1756911705794 1620.6863687453222 382
1756911705883 2857.266435694691 383
1756911705977 3154.641687965062 384
1756911706071 3015.4676295367844 385
1756911706170 3506.7816038190317 386
1756911706260 2423.1937057673485 387
1756911706337 2076.5662958849935 388
1756911706458 2675.582145988501 389
1756911706591 2973.352397945081 390
1756911706672 2861.602085315598 391
1756911706751 2911.779423636902 392
1756911706824 4024.168307383796 393
1756911706904 3262.5559485120125 394
1756911706993 4109.808138177913 395
1756911707096 3498.9096290043335 396
1756911707239 3958.943735095582 397
1756911707358 2560.1685585845216 398
1756911707460 3410.8385089549206 399
1756911707557 2181.8982534350803 400
1756911707640 3053.407681173217 401
1756911707719 2510.873096786556 402
1756911707797 3424.0994288918187 403
1756911707870 2972.84970366993 404
1756911707950 2284.1683143432465 405
1756911708034 2350.0266059894752 406
1756911708123 3916.3850266115865 407
1756911708199 3137.2916692938593 408
1756911708308 4330.387621536729 409
1756911708426 3022.3464598107466 410
1756911708799 2304.3011376120417 411
1756911708919 3288.6045050784446 412
1756911709064 2316.4194057814634 413
1756911709185 3281.0657405001352 414
1756911709408 2156.300226140854 415
1756911709496 3420.9297638191797 416
1756911709574 2462.747181718008 417
1756911709650 3409.6035761012668 418
1756911709731 2854.6453736984768 419
1756911709815 2892.656313781801 420
1756911709908 2349.3477889155674 421
1756911710046 1988.2735927538668 422
1756911710151 2651.485327842807 423
1756911710377 2495.047645760803 424
1756911710456 2981.871620892741 425
1756911710549 3630.215448034633 426
1756911710640 3691.447139389253 427
1756911710723 3047.9525689222996 428
1756911710801 2698.1507180335107 429
1756911710879 2333.634040637762 430
1756911710956 3288.2369851930994 431
1756911711038 2740.0809254103965 432
1756911711115 2705.6081870074377 433
1756911711204 3081.163253966768 434
1756911711292 3696.331594643943 435
1756911711368 3832.375671876652 436
1756911711444 3052.6287145722467 437
1756911711524 2808.48959715567 438
1756911711604 2975.4965523602514 439
1756911711681 3581.5450548555027 440
1756911711762 2475.0306942408674 441
1756911711850 3100.4114924990167 442
1756911711993 4047.19885543363 443
1756911712189 3368.545584247814 444
1756911712288 4078.6962351701773 445
1756911712368 3961.6905160593797 446
1756911712464 3027.6718380958437 447
1756911712571 2737.9556577671265 448
1756911712655 3027.0947332062897 449
1756911712739 4104.670299466776 450
1756911712823 3246.4428524051827 451
1756911712943 3611.0533310885935 452
1756911713036 2683.592795903539 453
1756911713120 3508.984007090056 454
1756911713207 2627.8772395892656 455
1756911713324 3765.6819201482126 456
1756911713416 3240.071910124704 457
1756911713504 2223.111016359634 458
1756911713588 3102.5279706190768 459
1756911713667 3518.7630156475457 460
1756911713768 2673.962723718413 461
1756911713921 2964.587565443985 462
1756911714028 2829.5466958961715 463
1756911714181 2353.718682664293 464
1756911714304 4258.259598732906 465
1756911714396 3621.210138557557 466
1756911714492 4305.268508873146 467
1756911714604 3920.486390225721 468
1756911714741 2890.484118165429 469
1756911714863 2527.8274579383133 470
1756911714972 3160.3916460293262 471
1756911715098 3419.2845059709935 472
1756911715280 3077.282524635858 473
1756911715406 3275.3377781896975 474
1756911715499 2877.348607809851 475
1756911715624 3845.3276045320486 476
1756911715794 3240.166356266051 477
1756911715944 3420.447155269013 478
1756911716126 2153.222895236173 479
1756911716235 3615.0500521730646 480
1756911716341 3171.670235234088 481
1756911716479 3824.170830553745 482
1756911716654 2781.020122106356 483
1756911716775 2665.1734687700828 484
1756911716889 2185.991074120243 485
1756911717001 2157.593549072485 486
1756911717103 2198.5059619407316 487
1756911717189 2255.004667891546 488
1756911717289 2622.3996707088463 489
1756911717399 2400.345338908284 490
1756911717516 3001.1068328314136 491
1756911717616 2643.8308581458305 492
1756911717712 3346.39585151943 493
1756911717816 3879.86571578511 494
1756911717919 2531.8201952617164 495
1756911718026 2016.635449690502 496
1756911718108 2917.028112018056 497
1756911718205 3225.9701650687643 498
1756911718289 3792.6162448115015 499
