1756911718478 11646.507588305962 0
1756911718560 7008.133063902583 1
1756911718637 3125.267361711274 2
1756911718711 2820.2814719294392 3
1756911718779 2466.0695835585166 4
1756911718853 3993.5974871741873 5
1756911718924 2826.3257701276057 6
1756911719002 3554.093428898945 7
1756911719074 3774.491529562757 8
1756911719149 2741.1679448973955 9
1756911719301 3529.0170655157403 10
1756911719392 3086.3232482270805 11
1756911719477 3350.947190298354 12
1756911719570 3140.701881442424 13
1756911719684 2410.5231957950073 14
1756911719766 3360.7760649970755 15
1756911719857 3492.2333554490824 16
1756911719939 3014.31392982023 17
1756911720044 2831.212044231464 18
1756911720130 2301.312819183701 19
1756911720209 3590.83129968532 20
1756911720286 4167.952203319835 21
1756911720364 3245.3609373929385 22
1756911720453 3258.963159266495 23
1756911720536 2860.048583534592 24
1756911720611 3872.1292549787927 25
1756911720683 3639.3739564284283 26
1756911720766 2699.867536775847 27
1756911720851 3191.1532610093227 28
1756911720920 3452.056270567913 29
1756911720989 3631.680647273651 30
1756911721060 3838.2183060021903 31
1756911721141 2649.09794502625 32
1756911721223 3033.267685231278 33
1756911721294 3731.007423250897 34
1756911721366 3583.391678013681 35
1756911721450 2526.337678542077 36
1756911721537 3363.018719111222 37
1756911721625 2853.35530997224 38
1756911721707 2543.3477594945184 39
1756911721790 3258.0189962887944 40
1756911721867 3384.1922266538213 41
1756911721960 3280.7092494107515 42
1756911722167 3322.4148672871984 43
1756911722280 3786.0594182474465 44
1756911722350 3798.3413451718025 45
1756911722428 2759.654040396191 46
1756911722517 3584.0812902131447 47
1756911722585 3191.080025097701 48
1756911722651 2694.0157350736868 49
1756911722719 3562.112022344586 50
1756911722790 2928.343550167812 51
1756911722870 3003.343568594553 52
1756911722952 2953.790268251724 53
1756911723031 3270.5439128777753 54
1756911723098 2816.645193876067 55
1756911723168 3073.361621487425 56
1756911723245 3381.8041193798226 57
1756911723352 2729.219948774258 58
1756911723427 2734.2375368926387 59
1756911723492 2244.206112725847 60
1756911723568 3193.846507905693 61
1756911723644 2303.7769371809586 62
1756911723731 3285.280553274608 63
1756911723830 3389.319172533284 64
1756911724001 3120.460858001769 65
1756911724087 2818.5295104915654 66
1756911724167 2569.667998089704 67
1756911724243 3169.9047258102682 68
1756911724350 3489.2032008997353 69
1756911724426 2518.2200830719594 70
1756911724492 3184.2875717717725 71
1756911724555 2611.935797293772 72
1756911724630 2671.110459179731 73
1756911724706 3539.61938563989 74
1756911724788 3016.231004210271 75
1756911724856 3073.3745816682977 76
1756911724921 2775.5217423438758 77
1756911724990 3732.8183347633703 78
1756911725058 3024.181656479995 79
1756911725147 2774.74362136909 80
1756911725210 2943.15320822639 81
1756911725272 2988.2765620487335 82
1756911725336 2580.54745493484 83
1756911725397 3467.9956477652922 84
1756911725469 3081.2483187949215 85
1756911725552 2984.136251021966 86
1756911725625 3108.485114196887 87
1756911725708 3082.303639815105 88
1756911725788 2339.0702308303203 89
1756911725861 2833.3511177033038 90
1756911725937 3094.198246925046 91
1756911726014 4055.2545057508014 92
1756911726195 3483.972768035478 93
1756911726296 2635.926400265225 94
1756911726381 2296.545144912978 95
1756911726521 3204.7491253259464 96
1756911726600 2423.0183189062745 97
1756911726667 3377.0792354981995 98
1756911726740 3517.697053162388 99
1756911726816 3411.324789979497 100
1756911726884 3644.794574030201 101
1756911726952 2716.1291042722332 102
1756911727026 4083.6509338399383 103
1756911727107 4265.1395343592685 104
1756911727191 3735.1949741101594 105
1756911727260 2214.187534410215 106
1756911727324 3019.7364813609593 107
1756911727390 2431.8931104927046 108
1756911727471 3073.9975726711227 109
1756911727543 3002.3095438202286 110
1756911727609 3283.3771770041753 111
1756911727678 3080.7222212266865 112
1756911727746 3271.574287874535 113
1756911727816 2855.0385433816027 114
1756911727879 2066.054697431655 115
1756911727942 4200.766047010279 116
1756911728018 3729.1892153352624 117
1756911728102 2535.618354929219 118
1756911728179 3188.1675881333817 119
1756911728256 3740.3972446009298 120
1756911728329 3541.6891530017074 121
1756911728393 3310.9521361988477 122
1756911728454 2967.383758500054 123
1756911728527 2826.8187853942886 124
1756911728604 4051.1608730651337 125
1756911728680 3421.9227590591013 126
1756911728752 3374.546465266979 127
1756911728827 3301.0772431842 128
1756911728908 3839.513628908972 129
1756911728986 2733.0518828443787 130
1756911729053 2458.6012517505583 131
1756911729117 3203.5500672324683 132
1756911729191 3364.712139841116 133
1756911729269 1529.2483053223893 134
1756911729343 2828.8531955428066 135
1756911729421 3632.771160871431 136
1756911729504 3487.750088358222 137
1756911729576 3430.500012152337 138
1756911729654 2532.578179357502 139
1756911729738 2499.506613978323 140
1756911729821 2892.887988365034 141
1756911729894 3736.708163367505 142
1756911729962 2290.071769779927 143
1756911730038 2541.6637525847163 144
1756911730115 2979.4664299655506 145
1756911730186 4499.1625552608875 146
1756911730256 3013.4768456470215 147
1756911730331 2015.083229371658 148
1756911730399 2687.2274062142674 149
1756911730470 4111.671524265797 150
1756911730551 2338.4833573989176 151
1756911730622 2044.568637414419 152
1756911730691 3463.640965119047 153
1756911730777 2885.7057733068586 154
1756911730855 3049.418607723173 155
1756911730926 2710.910154035645 156
1756911730996 3357.8393892506583 157
1756911731066 3138.1402349647783 158
1756911731126 3206.391667587921 159
1756911731187 3080.186441465564 160
1756911731257 3033.796406257985 161
1756911731334 3082.932176151741 162
1756911731418 2990.8575740587003 163
1756911731512 3260.369578033533 164
1756911731605 3107.135537748103 165
1756911731704 2832.3192897696263 166
1756911731786 2395.185677855944 167
1756911731858 3768.301180981494 168
1756911732018 3084.244044077259 169
1756911732153 1956.7382317168956 170
1756911732251 4153.773098596286 171
1756911732343 4035.8199430718996 172
1756911732415 4397.1118553804135 173
1756911732489 1879.8059838396346 174
1756911732576 3420.905918566202 175
1756911732646 2932.251339419989 176
1756911732723 3248.920910853177 177
1756911732791 3076.7366530498202 178
1756911732865 2884.5381765272045 179
1756911732938 3695.8131843431106 180
1756911733064 3346.4497252537435 181
1756911733173 2529.8881664792034 182
1756911733275 3530.563328138474 183
1756911733342 3542.9463430590527 184
1756911733423 2589.2794981651427 185
1756911733542 1930.4797115118329 186
1756911733639 2485.3392597090447 187
1756911733741 3903.370225064823 188
1756911733825 3151.7126340973223 189
1756911733899 2793.033197763574 190
1756911733965 3305.6821443693707 191
1756911734034 3457.237839850568 192
1756911734099 3998.8407879183696 193
1756911734169 2912.4994346283456 194
1756911734243 2599.1406448111534 195
1756911734322 2722.89028772112 196
1756911734392 2856.695918024064 197
1756911734461 3001.4648402362104 198
1756911734527 2825.7863370389746 199
1756911734616 2413.224168204656 200
1756911734770 2671.4590773775185 201
1756911734912 2779.5763093861874 202
1756911734990 2853.2522483521934 203
1756911735077 3494.294180520184 204
1756911735149 2388.172516172876 205
1756911735223 3201.8278884991423 206
1756911735286 3143.5237508922737 207
1756911735357 2732.3098468931166 208
1756911735434 2866.795634386094 209
1756911735518 3276.126271981963 210
1756911735591 3330.375790406393 211
1756911735667 3459.650917643737 212
1756911735736 3132.3148396260617 213
1756911735878 2692.840122543033 214
1756911735964 3715.5558081470044 215
1756911736052 3556.678199537644 216
1756911736121 3576.282526044808 217
1756911736195 2625.545979670406 218
1756911736267 2345.8303938090116 219
1756911736332 3322.4138874096593 220
1756911736405 2388.927813495611 221
1756911736511 2906.8788292064974 222
1756911736598 3531.9985458875476 223
1756911736662 2734.0630064100296 224
1756911736726 3213.935681490588 225
1756911736792 2866.435968319755 226
1756911736866 3053.4974489171277 227
1756911736932 3494.0970354269107 228
1756911737000 3476.459391655863 229
1756911737073 3718.4029284126227 230
1756911737137 2801.141784283161 231
1756911737207 3225.5529785613367 232
1756911737277 3135.3277956254583 233
1756911737352 3103.680844764109 234
1756911737421 3635.352829272373 235
1756911737493 3003.756365220777 236
1756911737569 3414.766880159291 237
1756911737641 4278.418938448142 238
1756911737718 3703.007809507845 239
1756911737787 2799.393519495864 240
1756911737854 2593.586948080229 241
1756911737918 4003.3606830009735 242
1756911737990 3630.058391740197 243
1756911738065 3352.9556702674895 244
1756911738137 2310.743298277279 245
1756911738213 4062.8327338324234 246
1756911738289 4069.494761670782 247
1756911738372 3979.015518816584 248
1756911738456 4104.556868867445 249
1756911738534 3704.4498136451257 250
1756911738615 2877.534411757728 251
1756911738697 2852.6680271296436 252
1756911738765 3242.0622061644503 253
1756911738828 2969.1122090392114 254
1756911738894 3510.578433786597 255
1756911738984 2884.341010035908 256
1756911739117 3977.988067618407 257
1756911739203 2794.681645236074 258
1756911739298 3913.635386042064 259
1756911739391 2726.7283431686283 260
1756911739478 3420.221134267701 261
1756911739551 2820.4359015947543 262
1756911739639 3452.7326068841758 263
1756911739733 3748.5622367101337 264
1756911739814 2223.6332334231975 265
1756911739886 2878.040496135103 266
1756911739959 3515.665661990545 267
1756911740059 3407.2136958908604 268
1756911740240 3479.5591291012174 269
1756911740319 2809.552063875214 270
1756911740385 4024.7260904588243 271
1756911740451 3188.051047235123 272
1756911740516 3290.111347915019 273
1756911740583 3014.9923543479044 274
1756911740652 2770.166202087994 275
1756911740730 3066.354644855928 276
1756911740807 2848.9515198958 277
1756911740888 3334.4713614710868 278
1756911741019 2785.04467774871 279
1756911741159 2330.4932902471837 280
1756911741255 2272.770383454141 281
1756911741345 3422.569891132454 282
1756911741443 3673.551233373051 283
1756911741559 2048.4615698459934 284
1756911741630 2811.9977428181855 285
1756911741704 3089.567237563286 286
1756911741773 2841.3714122387546 287
1756911741850 2858.2014268370067 288
1756911741937 2960.1570784242235 289
1756911742052 3741.48188695983 290
1756911742177 3773.6307858467067 291
1756911742270 2681.6729213107296 292
1756911742361 2330.229236889681 293
1756911742446 3825.402608332741 294
1756911742519 2739.1420012093104 295
1756911742587 2985.2395531939446 296
1756911742674 3546.7687656453963 297
1756911742754 3094.1813495214 298
1756911742850 3211.3973243578885 299
1756911742941 2438.482398442089 300
1756911743032 2731.311366200793 301
1756911743125 3027.1698238021168 302
1756911743247 2930.3096787919967 303
1756911743335 2904.465660028569 304
1756911743419 1723.73702079689 305
1756911743498 2949.5326302073786 306
1756911743587 3058.105400906981 307
1756911743698 2596.7995716735554 308
1756911743819 3055.240510939447 309
1756911743925 2157.476314082721 310
1756911743998 3054.628870245507 311
1756911744072 2352.371223766408 312
1756911744164 3462.7543520693953 313
1756911744245 2705.8165572229886 314
1756911744703 3406.566984121383 315
1756911744912 3498.5388180805503 316
1756911745084 2864.765266619554 317
1756911745450 2297.8247943829792 318
1756911745700 3636.832289162517 319
1756911745895 2674.5070467196883 320
1756911746039 3745.713067867952 321
1756911746287 3900.6360410208335 322
1756911746424 2412.8479818972564 323
1756911746606 2360.776048774341 324
1756911746832 3328.150057548535 325
1756911746956 3841.4163532223915 326
1756911747079 2490.7156246348504 327
1756911747198 3317.1257609308586 328
1756911747368 2219.577693823708 329
1756911747623 2816.5625113021897 330
1756911750700 4024.327832798943 331
1756911750876 2762.136831259035 332
1756911750995 3469.7258055752204 333
1756911751111 3099.400965833581 334
1756911751202 3424.012514060481 335
1756911751279 3030.2818448885923 336
1756911751363 2266.602314052352 337
1756911751494 2991.0556752309135 338
1756911751722 3218.4816606631284 339
1756911751847 2985.4395745070638 340
1756911751942 3093.9101723441872 341
1756911752077 3851.635397682138 342
1756911752211 2832.4053729028524 343
1756911752287 3132.1544544203716 344
1756911752366 3454.3939552769566 345
1756911752446 3153.5924604774013 346
1756911752535 2891.3248570881588 347
1756911752643 2850.121123583827 348
1756911752807 2511.7473276162177 349
1756911752957 2957.0974522681654 350
1756911753055 4332.445195910803 351
1756911753144 2817.6189430701133 352
1756911753238 3184.313077057638 353
1756911753321 2762.775758789594 354
1756911753405 3530.657287947057 355
1756911753526 3017.1184209070343 356
1756911753662 3164.107703989651 357
1756911753850 3284.1834057150054 358
1756911754037 2300.894484214426 359
1756911754151 2745.3722840851215 360
1756911754251 3687.733384883642 361
1756911754336 3884.3248172500307 362
1756911754416 2865.9204492323165 363
1756911754501 2598.8625734253483 364
1756911754590 3285.334853067412 365
1756911754670 2607.8831946024557 366
1756911754766 3814.0011648069567 367
1756911754861 2955.1227155196143 368
1756911754961 2985.4331812666396 369
1756911755049 3754.0044863514195 370
1756911755142 3257.70762871628 371
1756911755231 3315.9687128880073 372
1756911755310 2412.5478400086454 373
1756911755392 2749.2173652702736 374
1756911755475 3477.5556574156317 375
1756911755558 2487.8200517207915 376
1756911755641 2511.678258642831 377
1756911755725 2612.8580113859557 378
1756911755807 2527.5749303020434 379
1756911755890 3239.445315468461 380
1756911755969 2266.456759040005 381
1756911756052 3978.5714993915844 382
1756911756132 2575.4988664780376 383
1756911756218 1644.9757937683385 384
1756911756300 2149.571525969667 385
1756911756384 2919.5196457510656 386
1756911756492 3119.8808146187275 387
1756911756614 2968.9752344586905 388
1756911756704 2041.7624413823678 389
1756911756783 2748.2461380664963 390
1756911756863 3549.7974939420824 391
1756911756943 3171.5412717682625 392
1756911757030 3459.0175475927945 393
1756911757115 3199.606863873068 394
1756911757213 2704.2632364128945 395
1756911757318 3220.5209562850346 396
1756911757413 3131.052557864841 397
1756911757534 3649.571320913905 398
1756911757672 2743.5674091087003 399
1756911757787 1987.379851277107 400
1756911757872 3306.6563245645957 401
1756911757956 2600.9130657057904 402
1756911758035 3146.483243627946 403
1756911758122 3512.873333618254 404
1756911758203 3095.72960017754 405
1756911758286 2751.9966882231283 406
1756911758370 2878.8420199460306 407
1756911758446 2339.5207462265766 408
1756911758525 2908.604261040623 409
1756911758606 2773.1274687231275 410
1756911758691 2809.9862925259467 411
1756911758772 3393.9894638700443 412
1756911758853 3360.68780592954 413
1756911759070 2320.998185386184 414
1756911759179 4587.659292730779 415
1756911759277 3420.572498017978 416
1756911759358 3363.323931223333 417
1756911759438 3609.4711463939793 418
1756911759522 2794.22870395637 419
1756911759606 3540.390660996986 420
1756911759683 3389.5851561826667 421
1756911759771 3307.9736239506437 422
1756911759866 2291.301644496401 423
1756911759961 3899.532824670843 424
1756911760063 3070.180550714585 425
1756911760156 3483.0082834996474 426
1756911760254 3283.749109865199 427
1756911760350 3910.5718617839393 428
1756911760446 2999.6761449922133 429
1756911760541 2159.6800071222833 430
1756911760630 3260.324807168571 431
1756911760716 2328.7025563689663 432
1756911760804 3322.1520769310664 433
1756911760890 2689.1323685677344 434
1756911760978 2526.7648466944165 435
1756911761060 2680.8699525666702 436
1756911761141 3545.9133406722185 437
1756911761223 3216.221671447707 438
1756911761329 3132.3902220614527 439
1756911761437 2943.186632460139 440
1756911761530 2180.9153494390953 441
1756911761626 3011.6166010072816 442
1756911761732 3002.914343611845 443
1756911761834 4046.9916993938305 444
1756911761918 3119.26499885005 445
1756911762030 3550.674909638801 446
1756911762212 3053.2690282899366 447
1756911762408 2565.562949355278 448
1756911762799 3517.59766942718 449
1756911763058 3429.3725099940593 450
1756911763283 2448.416018204573 451
1756911763463 3972.3898604422216 452
1756911763601 3237.5376745283424 453
1756911763793 2426.2299128056684 454
1756911764612 3046.757609011881 455
1756911764911 3467.907147012942 456
1756911764997 2117.568903098935 457
1756911765085 4074.855291063546 458
1756911765339 2448.3760034205898 459
1756911765415 3475.029422805847 460
1756911765493 2957.124750086585 461
1756911765574 3430.0145852005853 462
1756911765657 2391.7107419450394 463
1756911765741 2285.0681113051382 464
1756911765826 3740.6517275242227 465
1756911765913 2096.4643453108006 466
1756911765998 3254.227584789778 467
1756911766073 3623.4726551947347 468
1756911766155 2919.2799773231786 469
1756911766240 2744.954313876778 470
1756911766315 3795.2987343463287 471
1756911766391 3174.672792850536 472
1756911766504 3153.337522165819 473
1756911766606 2857.872815139687 474
1756911766683 3689.1495644830834 475
1756911766756 3197.3772667778253 476
1756911766828 3584.234752978908 477
1756911766901 2533.7875084372977 478
1756911766976 2909.6536047902487 479
1756911767049 2560.256007100056 480
1756911767124 2984.8608802407057 481
1756911767209 2641.2885761767466 482
1756911767291 2238.0653430077236 483
1756911767384 2816.418022386217 484
1756911767475 2536.084373796388 485
1756911767560 3532.68714287605 486
1756911767646 2540.5635190410158 487
1756911767731 3678.535005986146 488
1756911767802 2365.9710521589777 489
1756911767882 2953.301628912267 490
1756911767957 2418.010172053203 491
1756911768034 3002.5509739510703 492
1756911768115 3556.944824321957 493
1756911768201 2620.7766311914997 494
1756911768283 2807.89139581726 495
1756911768363 3219.2426674642875 496
1756911768441 2626.597353588431 497
1756911768524 3599.0333193507886 498
1756911768612 3686.692506201223 499
